(kicad_pcb (version 20171130) (host pcbnew "(5.1.5)-3")

  (general
    (thickness 1.6)
    (drawings 83)
    (tracks 381)
    (zones 0)
    (modules 31)
    (nets 28)
  )

  (page A4)
  (layers
    (0 F.Cu signal hide)
    (31 B.Cu signal hide)
    (32 B.Adhes user)
    (33 F.Adhes user)
    (34 B.Paste user)
    (35 F.Paste user hide)
    (36 B.SilkS user)
    (37 F.SilkS user hide)
    (38 B.Mask user)
    (39 F.Mask user hide)
    (40 Dwgs.User user)
    (41 Cmts.User user)
    (42 Eco1.User user)
    (43 Eco2.User user)
    (44 Edge.Cuts user)
    (45 Margin user hide)
    (46 B.CrtYd user)
    (47 F.CrtYd user)
    (48 B.Fab user)
    (49 F.Fab user)
  )

  (setup
    (last_trace_width 0.5)
    (user_trace_width 0.5)
    (trace_clearance 0.2)
    (zone_clearance 0.508)
    (zone_45_only no)
    (trace_min 0.2)
    (via_size 0.8)
    (via_drill 0.4)
    (via_min_size 0.4)
    (via_min_drill 0.3)
    (uvia_size 0.3)
    (uvia_drill 0.1)
    (uvias_allowed no)
    (uvia_min_size 0.2)
    (uvia_min_drill 0.1)
    (edge_width 0.05)
    (segment_width 0.2)
    (pcb_text_width 0.3)
    (pcb_text_size 1.5 1.5)
    (mod_edge_width 0.12)
    (mod_text_size 1 1)
    (mod_text_width 0.15)
    (pad_size 1.524 1.524)
    (pad_drill 0.762)
    (pad_to_mask_clearance 0.051)
    (solder_mask_min_width 0.25)
    (aux_axis_origin 0 0)
    (visible_elements FFFFFF7F)
    (pcbplotparams
      (layerselection 0x010fc_ffffffff)
      (usegerberextensions false)
      (usegerberattributes false)
      (usegerberadvancedattributes false)
      (creategerberjobfile false)
      (excludeedgelayer true)
      (linewidth 0.100000)
      (plotframeref false)
      (viasonmask false)
      (mode 1)
      (useauxorigin false)
      (hpglpennumber 1)
      (hpglpenspeed 20)
      (hpglpendiameter 15.000000)
      (psnegative false)
      (psa4output false)
      (plotreference true)
      (plotvalue true)
      (plotinvisibletext false)
      (padsonsilk false)
      (subtractmaskfromsilk false)
      (outputformat 1)
      (mirror false)
      (drillshape 1)
      (scaleselection 1)
      (outputdirectory ""))
  )

  (net 0 "")
  (net 1 -BATT)
  (net 2 +3V3)
  (net 3 "Net-(C2-Pad1)")
  (net 4 +BATT)
  (net 5 "Net-(D1-Pad2)")
  (net 6 SENSOR_POWER)
  (net 7 GP2)
  (net 8 GP1)
  (net 9 GP0)
  (net 10 CS)
  (net 11 MISO)
  (net 12 MOSI)
  (net 13 SCLK)
  (net 14 SDA)
  (net 15 SCL)
  (net 16 "Net-(J6-Pad2)")
  (net 17 "Net-(J6-Pad1)")
  (net 18 "Net-(R3-Pad2)")
  (net 19 "Net-(R4-Pad2)")
  (net 20 "Net-(R5-Pad2)")
  (net 21 "Net-(R7-Pad1)")
  (net 22 ENABLE_SENSORS)
  (net 23 "Net-(U1-Pad20)")
  (net 24 "Net-(U1-Pad19)")
  (net 25 "Net-(U1-Pad13)")
  (net 26 "Net-(Q1-Pad1)")
  (net 27 "Net-(JP1-Pad2)")

  (net_class Default "This is the default net class."
    (clearance 0.2)
    (trace_width 0.25)
    (via_dia 0.8)
    (via_drill 0.4)
    (uvia_dia 0.3)
    (uvia_drill 0.1)
    (add_net +3V3)
    (add_net +BATT)
    (add_net -BATT)
    (add_net CS)
    (add_net ENABLE_SENSORS)
    (add_net GP0)
    (add_net GP1)
    (add_net GP2)
    (add_net MISO)
    (add_net MOSI)
    (add_net "Net-(C2-Pad1)")
    (add_net "Net-(D1-Pad2)")
    (add_net "Net-(J6-Pad1)")
    (add_net "Net-(J6-Pad2)")
    (add_net "Net-(JP1-Pad2)")
    (add_net "Net-(Q1-Pad1)")
    (add_net "Net-(R3-Pad2)")
    (add_net "Net-(R4-Pad2)")
    (add_net "Net-(R5-Pad2)")
    (add_net "Net-(R7-Pad1)")
    (add_net "Net-(U1-Pad13)")
    (add_net "Net-(U1-Pad19)")
    (add_net "Net-(U1-Pad20)")
    (add_net SCL)
    (add_net SCLK)
    (add_net SDA)
    (add_net SENSOR_POWER)
  )

  (module MountingHole:MountingHole_2.2mm_M2 (layer F.Cu) (tedit 56D1B4CB) (tstamp 5EA103B2)
    (at 107.061 43.688)
    (descr "Mounting Hole 2.2mm, no annular, M2")
    (tags "mounting hole 2.2mm no annular m2")
    (attr virtual)
    (fp_text reference REF** (at 0 -3.2) (layer F.SilkS) hide
      (effects (font (size 1 1) (thickness 0.15)))
    )
    (fp_text value MountingHole_2.2mm_M2 (at 0 3.2) (layer F.Fab)
      (effects (font (size 1 1) (thickness 0.15)))
    )
    (fp_circle (center 0 0) (end 2.45 0) (layer F.CrtYd) (width 0.05))
    (fp_circle (center 0 0) (end 2.2 0) (layer Cmts.User) (width 0.15))
    (fp_text user %R (at 0.3 0) (layer F.Fab)
      (effects (font (size 1 1) (thickness 0.15)))
    )
    (pad 1 np_thru_hole circle (at 0 0) (size 2.2 2.2) (drill 2.2) (layers *.Cu *.Mask))
  )

  (module MountingHole:MountingHole_2.2mm_M2 (layer F.Cu) (tedit 56D1B4CB) (tstamp 5EA1038E)
    (at 76.835 83.947)
    (descr "Mounting Hole 2.2mm, no annular, M2")
    (tags "mounting hole 2.2mm no annular m2")
    (attr virtual)
    (fp_text reference REF** (at 0 -3.2) (layer F.SilkS) hide
      (effects (font (size 1 1) (thickness 0.15)))
    )
    (fp_text value MountingHole_2.2mm_M2 (at 0 3.2) (layer F.Fab)
      (effects (font (size 1 1) (thickness 0.15)))
    )
    (fp_circle (center 0 0) (end 2.45 0) (layer F.CrtYd) (width 0.05))
    (fp_circle (center 0 0) (end 2.2 0) (layer Cmts.User) (width 0.15))
    (fp_text user %R (at 0.3 0) (layer F.Fab)
      (effects (font (size 1 1) (thickness 0.15)))
    )
    (pad 1 np_thru_hole circle (at 0 0) (size 2.2 2.2) (drill 2.2) (layers *.Cu *.Mask))
  )

  (module Jumper:SolderJumper-2_P1.3mm_Bridged_RoundedPad1.0x1.5mm (layer F.Cu) (tedit 5C745284) (tstamp 5EA0E898)
    (at 78.867 64.501 270)
    (descr "SMD Solder Jumper, 1x1.5mm, rounded Pads, 0.3mm gap, bridged with 1 copper strip")
    (tags "solder jumper open")
    (path /5EB4A71D)
    (attr virtual)
    (fp_text reference JP1 (at 2.809 0.127 180) (layer F.SilkS)
      (effects (font (size 1 1) (thickness 0.15)))
    )
    (fp_text value SolderJumper_2_Bridged (at 0 1.9 90) (layer F.Fab)
      (effects (font (size 1 1) (thickness 0.15)))
    )
    (fp_poly (pts (xy 0.25 -0.3) (xy -0.25 -0.3) (xy -0.25 0.3) (xy 0.25 0.3)) (layer F.Cu) (width 0))
    (fp_line (start 1.65 1.25) (end -1.65 1.25) (layer F.CrtYd) (width 0.05))
    (fp_line (start 1.65 1.25) (end 1.65 -1.25) (layer F.CrtYd) (width 0.05))
    (fp_line (start -1.65 -1.25) (end -1.65 1.25) (layer F.CrtYd) (width 0.05))
    (fp_line (start -1.65 -1.25) (end 1.65 -1.25) (layer F.CrtYd) (width 0.05))
    (fp_line (start -0.7 -1) (end 0.7 -1) (layer F.SilkS) (width 0.12))
    (fp_line (start 1.4 -0.3) (end 1.4 0.3) (layer F.SilkS) (width 0.12))
    (fp_line (start 0.7 1) (end -0.7 1) (layer F.SilkS) (width 0.12))
    (fp_line (start -1.4 0.3) (end -1.4 -0.3) (layer F.SilkS) (width 0.12))
    (fp_arc (start -0.7 -0.3) (end -0.7 -1) (angle -90) (layer F.SilkS) (width 0.12))
    (fp_arc (start -0.7 0.3) (end -1.4 0.3) (angle -90) (layer F.SilkS) (width 0.12))
    (fp_arc (start 0.7 0.3) (end 0.7 1) (angle -90) (layer F.SilkS) (width 0.12))
    (fp_arc (start 0.7 -0.3) (end 1.4 -0.3) (angle -90) (layer F.SilkS) (width 0.12))
    (pad 1 smd custom (at -0.65 0 270) (size 1 0.5) (layers F.Cu F.Mask)
      (net 4 +BATT) (zone_connect 2)
      (options (clearance outline) (anchor rect))
      (primitives
        (gr_circle (center 0 0.25) (end 0.5 0.25) (width 0))
        (gr_circle (center 0 -0.25) (end 0.5 -0.25) (width 0))
        (gr_poly (pts
           (xy 0 -0.75) (xy 0.5 -0.75) (xy 0.5 0.75) (xy 0 0.75)) (width 0))
      ))
    (pad 2 smd custom (at 0.65 0 270) (size 1 0.5) (layers F.Cu F.Mask)
      (net 27 "Net-(JP1-Pad2)") (zone_connect 2)
      (options (clearance outline) (anchor rect))
      (primitives
        (gr_circle (center 0 0.25) (end 0.5 0.25) (width 0))
        (gr_circle (center 0 -0.25) (end 0.5 -0.25) (width 0))
        (gr_poly (pts
           (xy 0 -0.75) (xy -0.5 -0.75) (xy -0.5 0.75) (xy 0 0.75)) (width 0))
      ))
  )

  (module ESP8266:ESP-12E_SMD (layer F.Cu) (tedit 58FB7FFE) (tstamp 5E9FF622)
    (at 85.64 50.63)
    (descr "Module, ESP-8266, ESP-12, 16 pad, SMD")
    (tags "Module ESP-8266 ESP8266")
    (path /5E9DE562)
    (fp_text reference U1 (at 8.89 6.35 90) (layer F.SilkS)
      (effects (font (size 1 1) (thickness 0.15)))
    )
    (fp_text value ESP-12F (at 5.08 6.35 90) (layer F.Fab) hide
      (effects (font (size 1 1) (thickness 0.15)))
    )
    (fp_line (start -1.008 -8.4) (end 14.992 -8.4) (layer F.Fab) (width 0.05))
    (fp_line (start -1.008 15.6) (end -1.008 -8.4) (layer F.Fab) (width 0.05))
    (fp_line (start 14.992 15.6) (end -1.008 15.6) (layer F.Fab) (width 0.05))
    (fp_line (start 15 -8.4) (end 15 15.6) (layer F.Fab) (width 0.05))
    (fp_line (start -1.008 -2.6) (end 14.992 -2.6) (layer F.CrtYd) (width 0.1524))
    (fp_text user "No Copper" (at 6.892 -5.4) (layer F.CrtYd)
      (effects (font (size 1 1) (thickness 0.15)))
    )
    (fp_line (start -1.008 -8.4) (end 14.992 -2.6) (layer F.CrtYd) (width 0.1524))
    (fp_line (start 14.992 -8.4) (end -1.008 -2.6) (layer F.CrtYd) (width 0.1524))
    (fp_line (start 14.986 15.621) (end 14.986 14.859) (layer F.SilkS) (width 0.1524))
    (fp_line (start -1.016 15.621) (end 14.986 15.621) (layer F.SilkS) (width 0.1524))
    (fp_line (start -1.016 14.859) (end -1.016 15.621) (layer F.SilkS) (width 0.1524))
    (fp_line (start -1.016 -8.382) (end -1.016 -1.016) (layer F.CrtYd) (width 0.1524))
    (fp_line (start 14.986 -8.382) (end 14.986 -0.889) (layer F.CrtYd) (width 0.1524))
    (fp_line (start -1.016 -8.382) (end 14.986 -8.382) (layer F.CrtYd) (width 0.1524))
    (fp_line (start -2.25 16) (end -2.25 -0.5) (layer F.CrtYd) (width 0.05))
    (fp_line (start 16.25 16) (end -2.25 16) (layer F.CrtYd) (width 0.05))
    (fp_line (start 16.25 -8.75) (end 16.25 16) (layer F.CrtYd) (width 0.05))
    (fp_line (start 15.25 -8.75) (end 16.25 -8.75) (layer F.CrtYd) (width 0.05))
    (fp_line (start -2.25 -8.75) (end 15.25 -8.75) (layer F.CrtYd) (width 0.05))
    (fp_line (start -2.25 -0.5) (end -2.25 -8.75) (layer F.CrtYd) (width 0.05))
    (pad 22 smd rect (at 11.99 15 90) (size 2.5 1.1) (drill (offset -0.7 0)) (layers F.Cu F.Paste F.Mask)
      (net 13 SCLK))
    (pad 21 smd rect (at 9.99 15 90) (size 2.5 1.1) (drill (offset -0.7 0)) (layers F.Cu F.Paste F.Mask)
      (net 12 MOSI))
    (pad 20 smd rect (at 7.99 15 90) (size 2.5 1.1) (drill (offset -0.7 0)) (layers F.Cu F.Paste F.Mask)
      (net 23 "Net-(U1-Pad20)"))
    (pad 19 smd rect (at 5.99 15 90) (size 2.5 1.1) (drill (offset -0.7 0)) (layers F.Cu F.Paste F.Mask)
      (net 24 "Net-(U1-Pad19)"))
    (pad 18 smd rect (at 3.99 15 90) (size 2.5 1.1) (drill (offset -0.7 0)) (layers F.Cu F.Paste F.Mask)
      (net 11 MISO))
    (pad 17 smd rect (at 1.99 15 90) (size 2.5 1.1) (drill (offset -0.7 0)) (layers F.Cu F.Paste F.Mask)
      (net 10 CS))
    (pad 16 smd rect (at 14 0) (size 2.5 1.1) (drill (offset 0.7 0)) (layers F.Cu F.Paste F.Mask)
      (net 17 "Net-(J6-Pad1)"))
    (pad 15 smd rect (at 14 2) (size 2.5 1.1) (drill (offset 0.7 0)) (layers F.Cu F.Paste F.Mask)
      (net 16 "Net-(J6-Pad2)"))
    (pad 14 smd rect (at 14 4) (size 2.5 1.1) (drill (offset 0.7 0)) (layers F.Cu F.Paste F.Mask)
      (net 22 ENABLE_SENSORS))
    (pad 13 smd rect (at 14 6) (size 2.5 1.1) (drill (offset 0.7 0)) (layers F.Cu F.Paste F.Mask)
      (net 25 "Net-(U1-Pad13)"))
    (pad 12 smd rect (at 14 8) (size 2.5 1.1) (drill (offset 0.7 0)) (layers F.Cu F.Paste F.Mask)
      (net 15 SCL))
    (pad 11 smd rect (at 14 10) (size 2.5 1.1) (drill (offset 0.7 0)) (layers F.Cu F.Paste F.Mask)
      (net 14 SDA))
    (pad 10 smd rect (at 14 12) (size 2.5 1.1) (drill (offset 0.7 0)) (layers F.Cu F.Paste F.Mask)
      (net 21 "Net-(R7-Pad1)"))
    (pad 9 smd rect (at 14 14) (size 2.5 1.1) (drill (offset 0.7 0)) (layers F.Cu F.Paste F.Mask)
      (net 1 -BATT))
    (pad 8 smd rect (at 0 14) (size 2.5 1.1) (drill (offset -0.7 0)) (layers F.Cu F.Paste F.Mask)
      (net 2 +3V3))
    (pad 7 smd rect (at 0 12) (size 2.5 1.1) (drill (offset -0.7 0)) (layers F.Cu F.Paste F.Mask)
      (net 9 GP0))
    (pad 6 smd rect (at 0 10) (size 2.5 1.1) (drill (offset -0.7 0)) (layers F.Cu F.Paste F.Mask)
      (net 8 GP1))
    (pad 5 smd rect (at 0 8) (size 2.5 1.1) (drill (offset -0.7 0)) (layers F.Cu F.Paste F.Mask)
      (net 7 GP2))
    (pad 4 smd rect (at 0 6) (size 2.5 1.1) (drill (offset -0.7 0)) (layers F.Cu F.Paste F.Mask)
      (net 19 "Net-(R4-Pad2)"))
    (pad 3 smd rect (at 0 4) (size 2.5 1.1) (drill (offset -0.7 0)) (layers F.Cu F.Paste F.Mask)
      (net 20 "Net-(R5-Pad2)"))
    (pad 2 smd rect (at 0 2) (size 2.5 1.1) (drill (offset -0.7 0)) (layers F.Cu F.Paste F.Mask)
      (net 3 "Net-(C2-Pad1)"))
    (pad 1 smd rect (at 0 0) (size 2.5 1.1) (drill (offset -0.7 0)) (layers F.Cu F.Paste F.Mask)
      (net 18 "Net-(R3-Pad2)"))
    (model ${ESPLIB}/ESP8266.3dshapes/ESP-12.wrl
      (at (xyz 0 0 0))
      (scale (xyz 0.3937 0.3937 0.3937))
      (rotate (xyz 0 0 0))
    )
  )

  (module Package_TO_SOT_SMD:SuperSOT-3 (layer F.Cu) (tedit 5A02FF57) (tstamp 5EA0454F)
    (at 82.55 71.755 90)
    (descr "3-pin SuperSOT package https://www.fairchildsemi.com/package-drawings/MA/MA03B.pdf")
    (tags "SuperSOT-3 SSOT-3")
    (path /5EAB3B48)
    (attr smd)
    (fp_text reference Q1 (at 1.905 -1.778 180) (layer F.SilkS)
      (effects (font (size 1 1) (thickness 0.15)))
    )
    (fp_text value FDN337N (at 0 2.4 90) (layer F.Fab)
      (effects (font (size 1 1) (thickness 0.15)))
    )
    (fp_line (start 2.05 1.7) (end -2.05 1.7) (layer F.CrtYd) (width 0.05))
    (fp_line (start 2.05 1.7) (end 2.05 -1.7) (layer F.CrtYd) (width 0.05))
    (fp_line (start -2.05 -1.7) (end -2.05 1.7) (layer F.CrtYd) (width 0.05))
    (fp_line (start -2.05 -1.7) (end 2.05 -1.7) (layer F.CrtYd) (width 0.05))
    (fp_line (start -0.15 -1.45) (end 0.7 -1.45) (layer F.Fab) (width 0.12))
    (fp_line (start -0.7 -0.9) (end -0.15 -1.45) (layer F.Fab) (width 0.12))
    (fp_line (start -0.7 1.45) (end -0.7 -0.9) (layer F.Fab) (width 0.12))
    (fp_line (start 0.7 1.45) (end -0.7 1.45) (layer F.Fab) (width 0.12))
    (fp_line (start 0.7 -1.45) (end 0.7 1.45) (layer F.Fab) (width 0.12))
    (fp_line (start 0.85 -1.6) (end 0.85 -0.65) (layer F.SilkS) (width 0.12))
    (fp_line (start -1.75 -1.6) (end 0.85 -1.6) (layer F.SilkS) (width 0.12))
    (fp_line (start 0.85 0.65) (end 0.85 1.45) (layer F.SilkS) (width 0.12))
    (fp_text user %R (at 0 0) (layer F.Fab)
      (effects (font (size 0.5 0.5) (thickness 0.075)))
    )
    (pad 3 smd rect (at 1.1 0 90) (size 1.4 1) (layers F.Cu F.Paste F.Mask)
      (net 2 +3V3))
    (pad 2 smd rect (at -1.1 0.95 90) (size 1.4 1) (layers F.Cu F.Paste F.Mask)
      (net 6 SENSOR_POWER))
    (pad 1 smd rect (at -1.1 -0.95 90) (size 1.4 1) (layers F.Cu F.Paste F.Mask)
      (net 26 "Net-(Q1-Pad1)"))
    (model ${KISYS3DMOD}/Package_TO_SOT_SMD.3dshapes/SuperSOT-3.wrl
      (at (xyz 0 0 0))
      (scale (xyz 1 1 1))
      (rotate (xyz 0 0 0))
    )
  )

  (module Package_TO_SOT_SMD:SOT-89-3 (layer F.Cu) (tedit 5A02FF57) (tstamp 5E9FF63A)
    (at 73.87 62.46)
    (descr SOT-89-3)
    (tags SOT-89-3)
    (path /5EA13413)
    (attr smd)
    (fp_text reference U2 (at -1.988 3.072) (layer F.SilkS)
      (effects (font (size 1 1) (thickness 0.15)))
    )
    (fp_text value HT75xx-1-SOT89 (at 4.445 0 90) (layer F.Fab)
      (effects (font (size 1 1) (thickness 0.15)))
    )
    (fp_line (start -2.48 2.55) (end -2.48 -2.55) (layer F.CrtYd) (width 0.05))
    (fp_line (start -2.48 2.55) (end 3.23 2.55) (layer F.CrtYd) (width 0.05))
    (fp_line (start 3.23 -2.55) (end -2.48 -2.55) (layer F.CrtYd) (width 0.05))
    (fp_line (start 3.23 -2.55) (end 3.23 2.55) (layer F.CrtYd) (width 0.05))
    (fp_line (start -0.13 -2.3) (end 1.68 -2.3) (layer F.Fab) (width 0.1))
    (fp_line (start -0.92 2.3) (end -0.92 -1.51) (layer F.Fab) (width 0.1))
    (fp_line (start 1.68 2.3) (end -0.92 2.3) (layer F.Fab) (width 0.1))
    (fp_line (start 1.68 -2.3) (end 1.68 2.3) (layer F.Fab) (width 0.1))
    (fp_line (start -0.92 -1.51) (end -0.13 -2.3) (layer F.Fab) (width 0.1))
    (fp_line (start 1.78 -2.4) (end 1.78 -1.2) (layer F.SilkS) (width 0.12))
    (fp_line (start -2.22 -2.4) (end 1.78 -2.4) (layer F.SilkS) (width 0.12))
    (fp_line (start 1.78 2.4) (end -0.92 2.4) (layer F.SilkS) (width 0.12))
    (fp_line (start 1.78 1.2) (end 1.78 2.4) (layer F.SilkS) (width 0.12))
    (fp_text user %R (at 0.38 0 90) (layer F.Fab)
      (effects (font (size 0.6 0.6) (thickness 0.09)))
    )
    (pad 2 smd trapezoid (at -0.0762 0 90) (size 1.5 1) (rect_delta 0 0.7 ) (layers F.Cu F.Paste F.Mask)
      (net 4 +BATT))
    (pad 2 smd rect (at 1.3335 0 270) (size 2.2 1.84) (layers F.Cu F.Paste F.Mask)
      (net 4 +BATT))
    (pad 3 smd rect (at -1.48 1.5 270) (size 1 1.5) (layers F.Cu F.Paste F.Mask)
      (net 2 +3V3))
    (pad 2 smd rect (at -1.3335 0 270) (size 1 1.8) (layers F.Cu F.Paste F.Mask)
      (net 4 +BATT))
    (pad 1 smd rect (at -1.48 -1.5 270) (size 1 1.5) (layers F.Cu F.Paste F.Mask)
      (net 1 -BATT))
    (pad 2 smd trapezoid (at 2.667 0 270) (size 1.6 0.85) (rect_delta 0 0.6 ) (layers F.Cu F.Paste F.Mask)
      (net 4 +BATT))
    (model ${KISYS3DMOD}/Package_TO_SOT_SMD.3dshapes/SOT-89-3.wrl
      (at (xyz 0 0 0))
      (scale (xyz 1 1 1))
      (rotate (xyz 0 0 0))
    )
  )

  (module Button_Switch_SMD:SW_Push_1P1T_NO_6x6mm_H9.5mm (layer F.Cu) (tedit 5CA1CA7F) (tstamp 5E9FF5CA)
    (at 69.85 45.085)
    (descr "tactile push button, 6x6mm e.g. PTS645xx series, height=9.5mm")
    (tags "tact sw push 6mm smd")
    (path /5E9DFAC2)
    (attr smd)
    (fp_text reference SW2 (at 0 0) (layer F.SilkS)
      (effects (font (size 1 1) (thickness 0.15)))
    )
    (fp_text value Flash (at 0 -3.81) (layer F.Fab)
      (effects (font (size 1 1) (thickness 0.15)))
    )
    (fp_circle (center 0 0) (end 1.75 -0.05) (layer F.Fab) (width 0.1))
    (fp_line (start -3.23 3.23) (end 3.23 3.23) (layer F.SilkS) (width 0.12))
    (fp_line (start -3.23 -1.3) (end -3.23 1.3) (layer F.SilkS) (width 0.12))
    (fp_line (start -3.23 -3.23) (end 3.23 -3.23) (layer F.SilkS) (width 0.12))
    (fp_line (start 3.23 -1.3) (end 3.23 1.3) (layer F.SilkS) (width 0.12))
    (fp_line (start -3.23 -3.2) (end -3.23 -3.23) (layer F.SilkS) (width 0.12))
    (fp_line (start -3.23 3.23) (end -3.23 3.2) (layer F.SilkS) (width 0.12))
    (fp_line (start 3.23 3.23) (end 3.23 3.2) (layer F.SilkS) (width 0.12))
    (fp_line (start 3.23 -3.23) (end 3.23 -3.2) (layer F.SilkS) (width 0.12))
    (fp_line (start -5 -3.25) (end 5 -3.25) (layer F.CrtYd) (width 0.05))
    (fp_line (start -5 3.25) (end 5 3.25) (layer F.CrtYd) (width 0.05))
    (fp_line (start -5 -3.25) (end -5 3.25) (layer F.CrtYd) (width 0.05))
    (fp_line (start 5 3.25) (end 5 -3.25) (layer F.CrtYd) (width 0.05))
    (fp_line (start 3 -3) (end -3 -3) (layer F.Fab) (width 0.1))
    (fp_line (start 3 3) (end 3 -3) (layer F.Fab) (width 0.1))
    (fp_line (start -3 3) (end 3 3) (layer F.Fab) (width 0.1))
    (fp_line (start -3 -3) (end -3 3) (layer F.Fab) (width 0.1))
    (fp_text user %R (at 0 0) (layer F.Fab)
      (effects (font (size 1 1) (thickness 0.15)))
    )
    (pad 2 smd rect (at 3.975 2.25) (size 1.55 1.3) (layers F.Cu F.Paste F.Mask)
      (net 1 -BATT))
    (pad 1 smd rect (at 3.975 -2.25) (size 1.55 1.3) (layers F.Cu F.Paste F.Mask)
      (net 15 SCL))
    (pad 1 smd rect (at -3.975 -2.25) (size 1.55 1.3) (layers F.Cu F.Paste F.Mask)
      (net 15 SCL))
    (pad 2 smd rect (at -3.975 2.25) (size 1.55 1.3) (layers F.Cu F.Paste F.Mask)
      (net 1 -BATT))
    (model ${KISYS3DMOD}/Button_Switch_SMD.3dshapes/SW_PUSH_6mm_H9.5mm.wrl
      (at (xyz 0 0 0))
      (scale (xyz 1 1 1))
      (rotate (xyz 0 0 0))
    )
  )

  (module Button_Switch_SMD:SW_Push_1P1T_NO_6x6mm_H9.5mm (layer F.Cu) (tedit 5CA1CA7F) (tstamp 5E9FF5B0)
    (at 69.85 52.705)
    (descr "tactile push button, 6x6mm e.g. PTS645xx series, height=9.5mm")
    (tags "tact sw push 6mm smd")
    (path /5E9E33EC)
    (attr smd)
    (fp_text reference SW1 (at 0 0) (layer F.SilkS)
      (effects (font (size 1 1) (thickness 0.15)))
    )
    (fp_text value Reset (at 0 4.15) (layer F.Fab)
      (effects (font (size 1 1) (thickness 0.15)))
    )
    (fp_circle (center 0 0) (end 1.75 -0.05) (layer F.Fab) (width 0.1))
    (fp_line (start -3.23 3.23) (end 3.23 3.23) (layer F.SilkS) (width 0.12))
    (fp_line (start -3.23 -1.3) (end -3.23 1.3) (layer F.SilkS) (width 0.12))
    (fp_line (start -3.23 -3.23) (end 3.23 -3.23) (layer F.SilkS) (width 0.12))
    (fp_line (start 3.23 -1.3) (end 3.23 1.3) (layer F.SilkS) (width 0.12))
    (fp_line (start -3.23 -3.2) (end -3.23 -3.23) (layer F.SilkS) (width 0.12))
    (fp_line (start -3.23 3.23) (end -3.23 3.2) (layer F.SilkS) (width 0.12))
    (fp_line (start 3.23 3.23) (end 3.23 3.2) (layer F.SilkS) (width 0.12))
    (fp_line (start 3.23 -3.23) (end 3.23 -3.2) (layer F.SilkS) (width 0.12))
    (fp_line (start -5 -3.25) (end 5 -3.25) (layer F.CrtYd) (width 0.05))
    (fp_line (start -5 3.25) (end 5 3.25) (layer F.CrtYd) (width 0.05))
    (fp_line (start -5 -3.25) (end -5 3.25) (layer F.CrtYd) (width 0.05))
    (fp_line (start 5 3.25) (end 5 -3.25) (layer F.CrtYd) (width 0.05))
    (fp_line (start 3 -3) (end -3 -3) (layer F.Fab) (width 0.1))
    (fp_line (start 3 3) (end 3 -3) (layer F.Fab) (width 0.1))
    (fp_line (start -3 3) (end 3 3) (layer F.Fab) (width 0.1))
    (fp_line (start -3 -3) (end -3 3) (layer F.Fab) (width 0.1))
    (fp_text user %R (at 0 0) (layer F.Fab)
      (effects (font (size 1 1) (thickness 0.15)))
    )
    (pad 2 smd rect (at 3.975 2.25) (size 1.55 1.3) (layers F.Cu F.Paste F.Mask)
      (net 18 "Net-(R3-Pad2)"))
    (pad 1 smd rect (at 3.975 -2.25) (size 1.55 1.3) (layers F.Cu F.Paste F.Mask)
      (net 1 -BATT))
    (pad 1 smd rect (at -3.975 -2.25) (size 1.55 1.3) (layers F.Cu F.Paste F.Mask)
      (net 1 -BATT))
    (pad 2 smd rect (at -3.975 2.25) (size 1.55 1.3) (layers F.Cu F.Paste F.Mask)
      (net 18 "Net-(R3-Pad2)"))
    (model ${KISYS3DMOD}/Button_Switch_SMD.3dshapes/SW_PUSH_6mm_H9.5mm.wrl
      (at (xyz 0 0 0))
      (scale (xyz 1 1 1))
      (rotate (xyz 0 0 0))
    )
  )

  (module Resistor_SMD:R_0805_2012Metric_Pad1.15x1.40mm_HandSolder (layer F.Cu) (tedit 5B36C52B) (tstamp 5E9FF596)
    (at 82.55 75.565 180)
    (descr "Resistor SMD 0805 (2012 Metric), square (rectangular) end terminal, IPC_7351 nominal with elongated pad for handsoldering. (Body size source: https://docs.google.com/spreadsheets/d/1BsfQQcO9C6DZCsRaXUlFlo91Tg2WpOkGARC1WS5S8t0/edit?usp=sharing), generated with kicad-footprint-generator")
    (tags "resistor handsolder")
    (path /5EA34F9E)
    (attr smd)
    (fp_text reference R11 (at -2.54 1.27 90) (layer F.SilkS)
      (effects (font (size 1 1) (thickness 0.15)))
    )
    (fp_text value 2K (at 0 1.65) (layer F.Fab)
      (effects (font (size 1 1) (thickness 0.15)))
    )
    (fp_text user %R (at 0 0) (layer F.Fab)
      (effects (font (size 0.5 0.5) (thickness 0.08)))
    )
    (fp_line (start 1.85 0.95) (end -1.85 0.95) (layer F.CrtYd) (width 0.05))
    (fp_line (start 1.85 -0.95) (end 1.85 0.95) (layer F.CrtYd) (width 0.05))
    (fp_line (start -1.85 -0.95) (end 1.85 -0.95) (layer F.CrtYd) (width 0.05))
    (fp_line (start -1.85 0.95) (end -1.85 -0.95) (layer F.CrtYd) (width 0.05))
    (fp_line (start -0.261252 0.71) (end 0.261252 0.71) (layer F.SilkS) (width 0.12))
    (fp_line (start -0.261252 -0.71) (end 0.261252 -0.71) (layer F.SilkS) (width 0.12))
    (fp_line (start 1 0.6) (end -1 0.6) (layer F.Fab) (width 0.1))
    (fp_line (start 1 -0.6) (end 1 0.6) (layer F.Fab) (width 0.1))
    (fp_line (start -1 -0.6) (end 1 -0.6) (layer F.Fab) (width 0.1))
    (fp_line (start -1 0.6) (end -1 -0.6) (layer F.Fab) (width 0.1))
    (pad 2 smd roundrect (at 1.025 0 180) (size 1.15 1.4) (layers F.Cu F.Paste F.Mask) (roundrect_rratio 0.217391)
      (net 5 "Net-(D1-Pad2)"))
    (pad 1 smd roundrect (at -1.025 0 180) (size 1.15 1.4) (layers F.Cu F.Paste F.Mask) (roundrect_rratio 0.217391)
      (net 6 SENSOR_POWER))
    (model ${KISYS3DMOD}/Resistor_SMD.3dshapes/R_0805_2012Metric.wrl
      (at (xyz 0 0 0))
      (scale (xyz 1 1 1))
      (rotate (xyz 0 0 0))
    )
  )

  (module Resistor_SMD:R_0805_2012Metric_Pad1.15x1.40mm_HandSolder (layer F.Cu) (tedit 5B36C52B) (tstamp 5E9FF585)
    (at 78.74 72 90)
    (descr "Resistor SMD 0805 (2012 Metric), square (rectangular) end terminal, IPC_7351 nominal with elongated pad for handsoldering. (Body size source: https://docs.google.com/spreadsheets/d/1BsfQQcO9C6DZCsRaXUlFlo91Tg2WpOkGARC1WS5S8t0/edit?usp=sharing), generated with kicad-footprint-generator")
    (tags "resistor handsolder")
    (path /5EA2084C)
    (attr smd)
    (fp_text reference R10 (at 0 -1.65 90) (layer F.SilkS)
      (effects (font (size 1 1) (thickness 0.15)))
    )
    (fp_text value 10K (at 0 1.65 90) (layer F.Fab)
      (effects (font (size 1 1) (thickness 0.15)))
    )
    (fp_text user %R (at 0 0 90) (layer F.Fab)
      (effects (font (size 0.5 0.5) (thickness 0.08)))
    )
    (fp_line (start 1.85 0.95) (end -1.85 0.95) (layer F.CrtYd) (width 0.05))
    (fp_line (start 1.85 -0.95) (end 1.85 0.95) (layer F.CrtYd) (width 0.05))
    (fp_line (start -1.85 -0.95) (end 1.85 -0.95) (layer F.CrtYd) (width 0.05))
    (fp_line (start -1.85 0.95) (end -1.85 -0.95) (layer F.CrtYd) (width 0.05))
    (fp_line (start -0.261252 0.71) (end 0.261252 0.71) (layer F.SilkS) (width 0.12))
    (fp_line (start -0.261252 -0.71) (end 0.261252 -0.71) (layer F.SilkS) (width 0.12))
    (fp_line (start 1 0.6) (end -1 0.6) (layer F.Fab) (width 0.1))
    (fp_line (start 1 -0.6) (end 1 0.6) (layer F.Fab) (width 0.1))
    (fp_line (start -1 -0.6) (end 1 -0.6) (layer F.Fab) (width 0.1))
    (fp_line (start -1 0.6) (end -1 -0.6) (layer F.Fab) (width 0.1))
    (pad 2 smd roundrect (at 1.025 0 90) (size 1.15 1.4) (layers F.Cu F.Paste F.Mask) (roundrect_rratio 0.217391)
      (net 1 -BATT))
    (pad 1 smd roundrect (at -1.025 0 90) (size 1.15 1.4) (layers F.Cu F.Paste F.Mask) (roundrect_rratio 0.217391)
      (net 26 "Net-(Q1-Pad1)"))
    (model ${KISYS3DMOD}/Resistor_SMD.3dshapes/R_0805_2012Metric.wrl
      (at (xyz 0 0 0))
      (scale (xyz 1 1 1))
      (rotate (xyz 0 0 0))
    )
  )

  (module Resistor_SMD:R_0805_2012Metric_Pad1.15x1.40mm_HandSolder (layer F.Cu) (tedit 5B36C52B) (tstamp 5E9FF574)
    (at 105.165 55.88 180)
    (descr "Resistor SMD 0805 (2012 Metric), square (rectangular) end terminal, IPC_7351 nominal with elongated pad for handsoldering. (Body size source: https://docs.google.com/spreadsheets/d/1BsfQQcO9C6DZCsRaXUlFlo91Tg2WpOkGARC1WS5S8t0/edit?usp=sharing), generated with kicad-footprint-generator")
    (tags "resistor handsolder")
    (path /5EA253F9)
    (attr smd)
    (fp_text reference R9 (at -2.912 0) (layer F.SilkS)
      (effects (font (size 1 1) (thickness 0.15)))
    )
    (fp_text value 1K (at 0 1.65) (layer F.Fab)
      (effects (font (size 1 1) (thickness 0.15)))
    )
    (fp_text user %R (at 0 0) (layer F.Fab)
      (effects (font (size 0.5 0.5) (thickness 0.08)))
    )
    (fp_line (start 1.85 0.95) (end -1.85 0.95) (layer F.CrtYd) (width 0.05))
    (fp_line (start 1.85 -0.95) (end 1.85 0.95) (layer F.CrtYd) (width 0.05))
    (fp_line (start -1.85 -0.95) (end 1.85 -0.95) (layer F.CrtYd) (width 0.05))
    (fp_line (start -1.85 0.95) (end -1.85 -0.95) (layer F.CrtYd) (width 0.05))
    (fp_line (start -0.261252 0.71) (end 0.261252 0.71) (layer F.SilkS) (width 0.12))
    (fp_line (start -0.261252 -0.71) (end 0.261252 -0.71) (layer F.SilkS) (width 0.12))
    (fp_line (start 1 0.6) (end -1 0.6) (layer F.Fab) (width 0.1))
    (fp_line (start 1 -0.6) (end 1 0.6) (layer F.Fab) (width 0.1))
    (fp_line (start -1 -0.6) (end 1 -0.6) (layer F.Fab) (width 0.1))
    (fp_line (start -1 0.6) (end -1 -0.6) (layer F.Fab) (width 0.1))
    (pad 2 smd roundrect (at 1.025 0 180) (size 1.15 1.4) (layers F.Cu F.Paste F.Mask) (roundrect_rratio 0.217391)
      (net 22 ENABLE_SENSORS))
    (pad 1 smd roundrect (at -1.025 0 180) (size 1.15 1.4) (layers F.Cu F.Paste F.Mask) (roundrect_rratio 0.217391)
      (net 26 "Net-(Q1-Pad1)"))
    (model ${KISYS3DMOD}/Resistor_SMD.3dshapes/R_0805_2012Metric.wrl
      (at (xyz 0 0 0))
      (scale (xyz 1 1 1))
      (rotate (xyz 0 0 0))
    )
  )

  (module Resistor_SMD:R_0805_2012Metric_Pad1.15x1.40mm_HandSolder (layer F.Cu) (tedit 5B36C52B) (tstamp 5E9FF563)
    (at 105.165 58.42 180)
    (descr "Resistor SMD 0805 (2012 Metric), square (rectangular) end terminal, IPC_7351 nominal with elongated pad for handsoldering. (Body size source: https://docs.google.com/spreadsheets/d/1BsfQQcO9C6DZCsRaXUlFlo91Tg2WpOkGARC1WS5S8t0/edit?usp=sharing), generated with kicad-footprint-generator")
    (tags "resistor handsolder")
    (path /5E9E8B4D)
    (attr smd)
    (fp_text reference R8 (at -2.912 0) (layer F.SilkS)
      (effects (font (size 1 1) (thickness 0.15)))
    )
    (fp_text value 10K (at 0 1.65) (layer F.Fab)
      (effects (font (size 1 1) (thickness 0.15)))
    )
    (fp_line (start -1 0.6) (end -1 -0.6) (layer F.Fab) (width 0.1))
    (fp_line (start -1 -0.6) (end 1 -0.6) (layer F.Fab) (width 0.1))
    (fp_line (start 1 -0.6) (end 1 0.6) (layer F.Fab) (width 0.1))
    (fp_line (start 1 0.6) (end -1 0.6) (layer F.Fab) (width 0.1))
    (fp_line (start -0.261252 -0.71) (end 0.261252 -0.71) (layer F.SilkS) (width 0.12))
    (fp_line (start -0.261252 0.71) (end 0.261252 0.71) (layer F.SilkS) (width 0.12))
    (fp_line (start -1.85 0.95) (end -1.85 -0.95) (layer F.CrtYd) (width 0.05))
    (fp_line (start -1.85 -0.95) (end 1.85 -0.95) (layer F.CrtYd) (width 0.05))
    (fp_line (start 1.85 -0.95) (end 1.85 0.95) (layer F.CrtYd) (width 0.05))
    (fp_line (start 1.85 0.95) (end -1.85 0.95) (layer F.CrtYd) (width 0.05))
    (fp_text user %R (at 0 0) (layer F.Fab)
      (effects (font (size 0.5 0.5) (thickness 0.08)))
    )
    (pad 1 smd roundrect (at -1.025 0 180) (size 1.15 1.4) (layers F.Cu F.Paste F.Mask) (roundrect_rratio 0.217391)
      (net 2 +3V3))
    (pad 2 smd roundrect (at 1.025 0 180) (size 1.15 1.4) (layers F.Cu F.Paste F.Mask) (roundrect_rratio 0.217391)
      (net 15 SCL))
    (model ${KISYS3DMOD}/Resistor_SMD.3dshapes/R_0805_2012Metric.wrl
      (at (xyz 0 0 0))
      (scale (xyz 1 1 1))
      (rotate (xyz 0 0 0))
    )
  )

  (module Resistor_SMD:R_0805_2012Metric_Pad1.15x1.40mm_HandSolder (layer F.Cu) (tedit 5B36C52B) (tstamp 5E9FF552)
    (at 105.147 63.5)
    (descr "Resistor SMD 0805 (2012 Metric), square (rectangular) end terminal, IPC_7351 nominal with elongated pad for handsoldering. (Body size source: https://docs.google.com/spreadsheets/d/1BsfQQcO9C6DZCsRaXUlFlo91Tg2WpOkGARC1WS5S8t0/edit?usp=sharing), generated with kicad-footprint-generator")
    (tags "resistor handsolder")
    (path /5E9F2D7E)
    (attr smd)
    (fp_text reference R7 (at 2.93 0) (layer F.SilkS)
      (effects (font (size 1 1) (thickness 0.15)))
    )
    (fp_text value 10K (at 0 1.65) (layer F.Fab)
      (effects (font (size 1 1) (thickness 0.15)))
    )
    (fp_text user %R (at 0 0) (layer F.Fab)
      (effects (font (size 0.5 0.5) (thickness 0.08)))
    )
    (fp_line (start 1.85 0.95) (end -1.85 0.95) (layer F.CrtYd) (width 0.05))
    (fp_line (start 1.85 -0.95) (end 1.85 0.95) (layer F.CrtYd) (width 0.05))
    (fp_line (start -1.85 -0.95) (end 1.85 -0.95) (layer F.CrtYd) (width 0.05))
    (fp_line (start -1.85 0.95) (end -1.85 -0.95) (layer F.CrtYd) (width 0.05))
    (fp_line (start -0.261252 0.71) (end 0.261252 0.71) (layer F.SilkS) (width 0.12))
    (fp_line (start -0.261252 -0.71) (end 0.261252 -0.71) (layer F.SilkS) (width 0.12))
    (fp_line (start 1 0.6) (end -1 0.6) (layer F.Fab) (width 0.1))
    (fp_line (start 1 -0.6) (end 1 0.6) (layer F.Fab) (width 0.1))
    (fp_line (start -1 -0.6) (end 1 -0.6) (layer F.Fab) (width 0.1))
    (fp_line (start -1 0.6) (end -1 -0.6) (layer F.Fab) (width 0.1))
    (pad 2 smd roundrect (at 1.025 0) (size 1.15 1.4) (layers F.Cu F.Paste F.Mask) (roundrect_rratio 0.217391)
      (net 1 -BATT))
    (pad 1 smd roundrect (at -1.025 0) (size 1.15 1.4) (layers F.Cu F.Paste F.Mask) (roundrect_rratio 0.217391)
      (net 21 "Net-(R7-Pad1)"))
    (model ${KISYS3DMOD}/Resistor_SMD.3dshapes/R_0805_2012Metric.wrl
      (at (xyz 0 0 0))
      (scale (xyz 1 1 1))
      (rotate (xyz 0 0 0))
    )
  )

  (module Resistor_SMD:R_0805_2012Metric_Pad1.15x1.40mm_HandSolder (layer F.Cu) (tedit 5B36C52B) (tstamp 5EA0CD84)
    (at 105.165 60.96 180)
    (descr "Resistor SMD 0805 (2012 Metric), square (rectangular) end terminal, IPC_7351 nominal with elongated pad for handsoldering. (Body size source: https://docs.google.com/spreadsheets/d/1BsfQQcO9C6DZCsRaXUlFlo91Tg2WpOkGARC1WS5S8t0/edit?usp=sharing), generated with kicad-footprint-generator")
    (tags "resistor handsolder")
    (path /5E9EF22E)
    (attr smd)
    (fp_text reference R6 (at -2.912 0) (layer F.SilkS)
      (effects (font (size 1 1) (thickness 0.15)))
    )
    (fp_text value 10K (at 0 1.65) (layer F.Fab)
      (effects (font (size 1 1) (thickness 0.15)))
    )
    (fp_text user %R (at 0 0) (layer F.Fab)
      (effects (font (size 0.5 0.5) (thickness 0.08)))
    )
    (fp_line (start 1.85 0.95) (end -1.85 0.95) (layer F.CrtYd) (width 0.05))
    (fp_line (start 1.85 -0.95) (end 1.85 0.95) (layer F.CrtYd) (width 0.05))
    (fp_line (start -1.85 -0.95) (end 1.85 -0.95) (layer F.CrtYd) (width 0.05))
    (fp_line (start -1.85 0.95) (end -1.85 -0.95) (layer F.CrtYd) (width 0.05))
    (fp_line (start -0.261252 0.71) (end 0.261252 0.71) (layer F.SilkS) (width 0.12))
    (fp_line (start -0.261252 -0.71) (end 0.261252 -0.71) (layer F.SilkS) (width 0.12))
    (fp_line (start 1 0.6) (end -1 0.6) (layer F.Fab) (width 0.1))
    (fp_line (start 1 -0.6) (end 1 0.6) (layer F.Fab) (width 0.1))
    (fp_line (start -1 -0.6) (end 1 -0.6) (layer F.Fab) (width 0.1))
    (fp_line (start -1 0.6) (end -1 -0.6) (layer F.Fab) (width 0.1))
    (pad 2 smd roundrect (at 1.025 0 180) (size 1.15 1.4) (layers F.Cu F.Paste F.Mask) (roundrect_rratio 0.217391)
      (net 14 SDA))
    (pad 1 smd roundrect (at -1.025 0 180) (size 1.15 1.4) (layers F.Cu F.Paste F.Mask) (roundrect_rratio 0.217391)
      (net 2 +3V3))
    (model ${KISYS3DMOD}/Resistor_SMD.3dshapes/R_0805_2012Metric.wrl
      (at (xyz 0 0 0))
      (scale (xyz 1 1 1))
      (rotate (xyz 0 0 0))
    )
  )

  (module Resistor_SMD:R_0805_2012Metric_Pad1.15x1.40mm_HandSolder (layer F.Cu) (tedit 5B36C52B) (tstamp 5E9FF530)
    (at 80.255 53.975)
    (descr "Resistor SMD 0805 (2012 Metric), square (rectangular) end terminal, IPC_7351 nominal with elongated pad for handsoldering. (Body size source: https://docs.google.com/spreadsheets/d/1BsfQQcO9C6DZCsRaXUlFlo91Tg2WpOkGARC1WS5S8t0/edit?usp=sharing), generated with kicad-footprint-generator")
    (tags "resistor handsolder")
    (path /5EA01679)
    (attr smd)
    (fp_text reference R5 (at -2.912 0) (layer F.SilkS)
      (effects (font (size 1 1) (thickness 0.15)))
    )
    (fp_text value 10K (at 0 1.65) (layer F.Fab)
      (effects (font (size 1 1) (thickness 0.15)))
    )
    (fp_text user %R (at 0 0) (layer F.Fab)
      (effects (font (size 0.5 0.5) (thickness 0.08)))
    )
    (fp_line (start 1.85 0.95) (end -1.85 0.95) (layer F.CrtYd) (width 0.05))
    (fp_line (start 1.85 -0.95) (end 1.85 0.95) (layer F.CrtYd) (width 0.05))
    (fp_line (start -1.85 -0.95) (end 1.85 -0.95) (layer F.CrtYd) (width 0.05))
    (fp_line (start -1.85 0.95) (end -1.85 -0.95) (layer F.CrtYd) (width 0.05))
    (fp_line (start -0.261252 0.71) (end 0.261252 0.71) (layer F.SilkS) (width 0.12))
    (fp_line (start -0.261252 -0.71) (end 0.261252 -0.71) (layer F.SilkS) (width 0.12))
    (fp_line (start 1 0.6) (end -1 0.6) (layer F.Fab) (width 0.1))
    (fp_line (start 1 -0.6) (end 1 0.6) (layer F.Fab) (width 0.1))
    (fp_line (start -1 -0.6) (end 1 -0.6) (layer F.Fab) (width 0.1))
    (fp_line (start -1 0.6) (end -1 -0.6) (layer F.Fab) (width 0.1))
    (pad 2 smd roundrect (at 1.025 0) (size 1.15 1.4) (layers F.Cu F.Paste F.Mask) (roundrect_rratio 0.217391)
      (net 20 "Net-(R5-Pad2)"))
    (pad 1 smd roundrect (at -1.025 0) (size 1.15 1.4) (layers F.Cu F.Paste F.Mask) (roundrect_rratio 0.217391)
      (net 2 +3V3))
    (model ${KISYS3DMOD}/Resistor_SMD.3dshapes/R_0805_2012Metric.wrl
      (at (xyz 0 0 0))
      (scale (xyz 1 1 1))
      (rotate (xyz 0 0 0))
    )
  )

  (module Resistor_SMD:R_0805_2012Metric_Pad1.15x1.40mm_HandSolder (layer F.Cu) (tedit 5B36C52B) (tstamp 5E9FF51F)
    (at 80.255 56.515)
    (descr "Resistor SMD 0805 (2012 Metric), square (rectangular) end terminal, IPC_7351 nominal with elongated pad for handsoldering. (Body size source: https://docs.google.com/spreadsheets/d/1BsfQQcO9C6DZCsRaXUlFlo91Tg2WpOkGARC1WS5S8t0/edit?usp=sharing), generated with kicad-footprint-generator")
    (tags "resistor handsolder")
    (path /5E9F7B15)
    (attr smd)
    (fp_text reference R4 (at -2.912 -0.127) (layer F.SilkS)
      (effects (font (size 1 1) (thickness 0.15)))
    )
    (fp_text value 10K (at 0 1.65) (layer F.Fab)
      (effects (font (size 1 1) (thickness 0.15)))
    )
    (fp_text user %R (at 0 0) (layer F.Fab)
      (effects (font (size 0.5 0.5) (thickness 0.08)))
    )
    (fp_line (start 1.85 0.95) (end -1.85 0.95) (layer F.CrtYd) (width 0.05))
    (fp_line (start 1.85 -0.95) (end 1.85 0.95) (layer F.CrtYd) (width 0.05))
    (fp_line (start -1.85 -0.95) (end 1.85 -0.95) (layer F.CrtYd) (width 0.05))
    (fp_line (start -1.85 0.95) (end -1.85 -0.95) (layer F.CrtYd) (width 0.05))
    (fp_line (start -0.261252 0.71) (end 0.261252 0.71) (layer F.SilkS) (width 0.12))
    (fp_line (start -0.261252 -0.71) (end 0.261252 -0.71) (layer F.SilkS) (width 0.12))
    (fp_line (start 1 0.6) (end -1 0.6) (layer F.Fab) (width 0.1))
    (fp_line (start 1 -0.6) (end 1 0.6) (layer F.Fab) (width 0.1))
    (fp_line (start -1 -0.6) (end 1 -0.6) (layer F.Fab) (width 0.1))
    (fp_line (start -1 0.6) (end -1 -0.6) (layer F.Fab) (width 0.1))
    (pad 2 smd roundrect (at 1.025 0) (size 1.15 1.4) (layers F.Cu F.Paste F.Mask) (roundrect_rratio 0.217391)
      (net 19 "Net-(R4-Pad2)"))
    (pad 1 smd roundrect (at -1.025 0) (size 1.15 1.4) (layers F.Cu F.Paste F.Mask) (roundrect_rratio 0.217391)
      (net 18 "Net-(R3-Pad2)"))
    (model ${KISYS3DMOD}/Resistor_SMD.3dshapes/R_0805_2012Metric.wrl
      (at (xyz 0 0 0))
      (scale (xyz 1 1 1))
      (rotate (xyz 0 0 0))
    )
  )

  (module Resistor_SMD:R_0805_2012Metric_Pad1.15x1.40mm_HandSolder (layer F.Cu) (tedit 5B36C52B) (tstamp 5E9FF50E)
    (at 80.255 51.435)
    (descr "Resistor SMD 0805 (2012 Metric), square (rectangular) end terminal, IPC_7351 nominal with elongated pad for handsoldering. (Body size source: https://docs.google.com/spreadsheets/d/1BsfQQcO9C6DZCsRaXUlFlo91Tg2WpOkGARC1WS5S8t0/edit?usp=sharing), generated with kicad-footprint-generator")
    (tags "resistor handsolder")
    (path /5E9E5D8E)
    (attr smd)
    (fp_text reference R3 (at -2.912 0.127) (layer F.SilkS)
      (effects (font (size 1 1) (thickness 0.15)))
    )
    (fp_text value 10K (at 0 1.65) (layer F.Fab)
      (effects (font (size 1 1) (thickness 0.15)))
    )
    (fp_text user %R (at 0 0) (layer F.Fab)
      (effects (font (size 0.5 0.5) (thickness 0.08)))
    )
    (fp_line (start 1.85 0.95) (end -1.85 0.95) (layer F.CrtYd) (width 0.05))
    (fp_line (start 1.85 -0.95) (end 1.85 0.95) (layer F.CrtYd) (width 0.05))
    (fp_line (start -1.85 -0.95) (end 1.85 -0.95) (layer F.CrtYd) (width 0.05))
    (fp_line (start -1.85 0.95) (end -1.85 -0.95) (layer F.CrtYd) (width 0.05))
    (fp_line (start -0.261252 0.71) (end 0.261252 0.71) (layer F.SilkS) (width 0.12))
    (fp_line (start -0.261252 -0.71) (end 0.261252 -0.71) (layer F.SilkS) (width 0.12))
    (fp_line (start 1 0.6) (end -1 0.6) (layer F.Fab) (width 0.1))
    (fp_line (start 1 -0.6) (end 1 0.6) (layer F.Fab) (width 0.1))
    (fp_line (start -1 -0.6) (end 1 -0.6) (layer F.Fab) (width 0.1))
    (fp_line (start -1 0.6) (end -1 -0.6) (layer F.Fab) (width 0.1))
    (pad 2 smd roundrect (at 1.025 0) (size 1.15 1.4) (layers F.Cu F.Paste F.Mask) (roundrect_rratio 0.217391)
      (net 18 "Net-(R3-Pad2)"))
    (pad 1 smd roundrect (at -1.025 0) (size 1.15 1.4) (layers F.Cu F.Paste F.Mask) (roundrect_rratio 0.217391)
